11100010000000110001110101010011
1111111111111111111111111111111111111111111111111111111111111111
001
1111111111111111111111111111111111111111111111111111111111111111
1111111111111111111111111111111111111111111111111111111111111111
1110000000000000000000000000000000000000000000000000000001111111
11100000000000110001110101010011
1111111111111111111111111111111111111111111111111111111111111111
001
1111111111111111111111111111111111111111111111111111111111111111
1111111111111111111111111111111111111111111111111111111111111111
1110000000000000000000000000000000000000000000000000000001111111
