11000010001011011000111111010011
0000000000000000000000000000000000000000000000000000000000000000
000
0000000000000000000000000000000000000000000000000000000000000000
0000000000000000000000000000000000000000000000000000000000000000
0000000000000000000000000000000000000000000000000000000000000000
11000000001011011000111111010011
0000000000000000000000000000000000000000000000000000000000000000
000
0000000000000000000000000000000000000000000000000000000000000000
0000000000000000000000000000000000000000000000000000000000000000
0000000000000000000000000000000000000000000000000000000000000000
