01000010000000011001110111010011
0000000000000000000000000000000000000000000000000000000000000000
000
0000000000000000000000000000000000000000000000000000000000000000
0000000000000000000000000000000000000000000000000000000000000000
0000000000000000000000000000000000000000000000000000000000000000
00100000001100011000110111010011
0000000000000000000000000000000000000000000000000000000000000000
000
0000000000000000000000000000000000000000000000000000000000000000
0000000000000000000000000000000000000000000000000000000000000000
0000000000000000000000000000000000000000000000000000000000000000
