01000000000110001001001101010011
0000000000000000000000000000000000000000000000000000000000000000
000
0000000000000000000000000000000000000000000000000000000000000000
0000000000000000000000000000000000000000000000000000000000000000
0000000000000000000000000000000000000000000000000000000000000000
00100001000110001000001101010011
0000000000000000000000000000000000000000000000000000000000000000
000
0000000000000000000000000000000000000000000000000000000000000000
0000000000000000000000000000000000000000000000000000000000000000
0000000000000000000000000000000000000000000000000000000000000000
