00011011010001111001011101010011
1111111111111111111111111111111111111111111111111111111111111111
000
1111111111111111111111111111111111111111111111111111111111111111
1111111111111111111111111111111111111111111111111111111111111111
1110000000000000000000000000000000000000000000000000000001111111
00011001010001111001011101010011
1111111111111111111111111111111111111111111111111111111111111111
000
1111111111111111111111111111111111111111111111111111111111111111
1111111111111111111111111111111111111111111111111111111111111111
1110000000000000000000000000000000000000000000000000000001111111
