10100010100011000000001011010011
1111111111111111111111111111111111111111111111111111111111111111
000
1111111111111111111111111111111111111111111111111111111111111111
1111111111111111111111111111111111111111111111111111111111111111
1110000000000000000000000000000000000000000000000000000001111111
10100000100011000000001011010011
1111111111111111111111111111111111111111111111111111111111111111
000
1111111111111111111111111111111111111111111111111111111111111111
1111111111111111111111111111111111111111111111111111111111111111
1110000000000000000000000000000000000000000000000000000001111111
