00101010001100010001110101010011
1111111111111111111111111111111111111111111111111111111111111111
000
1111111111111111111111111111111111111111111111111111111111111111
1111111111111111111111111111111111111111111111111111111111111111
1110000000000000000000000000000000000000000000000000000001111111
00101000001100010001110101010011
1111111111111111111111111111111111111111111111111111111111111111
000
1111111111111111111111111111111111111111111111111111111111111111
1111111111111111111111111111111111111111111111111111111111111111
1110000000000000000000000000000000000000000000000000000001111111
