11100010000011001000000011010011
0000000000000000000000000000000000000000000000000000000000000000
000
0000000000000000000000000000000000000000000000000000000000000000
0000000000000000000000000000000001000000101000000000000000000000
0000000000000000000000000000000000000000000000000000000000000000
11100000000011001000000011010011
0000000000000000000000000000000000000000000000000000000000000000
000
0000000000000000000000000000000000000000000000000000000000000000
0100000000010100000000000000000000000000000000000000000000000000
0000000000000000000000000000000000000000000000000000000000000000
