0000000000000000011000000100111
0000000000000000000000000000000000000000000000000000000000000000
100
0000000000000000000000000000000001000000101000000000000000000000
0000000000000000000000000000000000000000000000000000000000000000
0000000000000000000000000000000000000000000000000000000000000000
00000000000000000011000000100111
0000000000000000000000000000000000000000000000000000000000000000
100
0100000000010100000000000000000000000000000000000000000000000000
0000000000000000000000000000000000000000000000000000000000000000
0000000000000000000000000000000000000000000000000000000000000000
