00100010001011101001010101010011
0000000000000000000000000000000000000000000000000000000000000000
000
0000000000000000000000000000000000000000000000000000000000000000
0000000000000000000000000000000000000000000000000000000000000000
0000000000000000000000000000000000000000000000000000000000000000
00100000001011101001010101010011
0000000000000000000000000000000000000000000000000000000000000000
000
0000000000000000000000000000000000000000000000000000000000000000
0000000000000000000000000000000000000000000000000000000000000000
0000000000000000000000000000000000000000000000000000000000000000
