01011010000000100001111001010011
1111111111111111111111111111111111111111111111111111111111111111
000
1111111111111111111111111111111111111111111111111111111111111111
1111111111111111111111111111111111111111111111111111111111111111
1110000000000000000000000000000000000000000000000000000001111111
01011000000000100001111001010011
1111111111111111111111111111111111111111111111111111111111111111
000
1111111111111111111111111111111111111111111111111111111111111111
1111111111111111111111111111111111111111111111111111111111111111
1110000000000000000000000000000000000000000000000000000001111111
