0000000000000000000000000000000000000000000000000000000000000000
0000000000000000000000000000000000000000000000000000000000000000
0011111111110000000000000000000000000000000000000000000000000000
0000000000000000000000000000000000111111100000000000000000000000
0100000000010100000000000000000000000000000000000000000000000000
0000000000000000000000000000000001000000101000000000000000000000
1011111111111000000000000000000000000000000000000000000000000000
0000000000000000000000000000000010111111110000000000000000000000
1100000000000010000000101000111101011100001010001111010111000011
0000000000000000000000000000000011000000000100000001010001111010
0011100000010000000000000000000000000000000000000000000000000000
0000000000000000000000000000000000000000100000000000000000000000
0011100000010000000000000000000000000000000000000000000000000000
0000000000000000000000000000000000000000100000000000000000000000
0100011111101111111111111111111111100000000000000000000000000000
0000000000000000000000000000000001111111011111111111111111111111
0010101101000111110100010010101000101110100111111011101100011110
0000000000000000000000000000000000000000100000000000000000000000
0111111111110000000000000000000000000000000000000000000000000000
0000000000000000000000000000000001111111100000000000000000000000
0111111111110000000000000000000000000000000000000000000000000000
0000000000000000000000000000000001111111100000000000000000000000
1111111111110000000000000000000000000000000000000000000000000000
0000000000000000000000000000000011111111100000000000000000000000
