0000000000000000000000000000000000000000000000000000000000000000
0000000000000000000000000000000000000000000000000000000000000000
0000000000000000000000000000000000111111100000000000000000000000
0011111111110000000000000000000000000000000000000000000000000000
0000000000000000000000000000000001000000101000000000000000000000
0100000000010100000000000000000000000000000000000000000000000000
0000000000000000000000000000000010111111110000000000000000000000
1011111111111000000000000000000000000000000000000000000000000000
0000000000000000000000000000000011000000000100000001010001111011
1100000000000010000000101000111101100000000000000000000000000000
0000000000000000000000000000000000000000100000000000000000000000
0011100000010000000000000000000000000000000000000000000000000000
0000000000000000000000000000000000000001000000000000000000000000
0011100000100000000000000000000000000000000000000000000000000000
0000000000000000000000000000000000000000100000000000000000000000
0011100000010000000000000000000000000000000000000000000000000000
0000000000000000000000000000000001111111011111111111111111111111
0100011111101111111111111111111111100000000000000000000000000000
0000000000000000000000000000000001111111100000000000000000000000
0111111111110000000000000000000000000000000000000000000000000000
0000000000000000000000000000000011111111100000000000000000000000
1111111111110000000000000000000000000000000000000000000000000000
