11000000000000111000000001010011
0000000000000000000000000000000000000000000000000000000000000000
000
0000000000000000000000000000000000000000000000000000000000000000
0000000000000000000000000000000000000000000000000000000000000000
0000000000000000000000000000000000000000000000000000000000000000
11000000000000111000000001010011
0000000000000000000000000000000000000000000000000000000000000000
000
0000000000000000000000000000000000000000000000000000000000000000
0000000000000000000000000000000000000000000000000000000000000000
0000000000000000000000000000000000000000000000000000000000000000
