01001000010011110010011000000111
0000000000000000000000000000000001000000101000000000000000000000
010
0000000000000000000000000000000000000000000000000000000000000000
0000000000000000000000000000000000000000000000000000000000000000
0000000000000000000000000000000000000000000000000000000000000000
01001000010011110010011000000111
0000000000000000000000000000000001000000101000000000000000000000
010
0000000000000000000000000000000000000000000000000000000000000000
0000000000000000000000000000000000000000000000000000000000000000
0000000000000000000000000000000000000000000000000000000000000000
