00001000010010000000000111010011
000000000000000000000000000000000000000000000000000000000000000
000
000000000000000000000000000000000000000000000000000000000000000
000000000000000000000000000000000000000000000000000000000000000
000000000000000000000000000000000000000000000000000000000000000
00001000010010000000000111010011
000000000000000000000000000000000000000000000000000000000000000
000
000000000000000000000000000000000000000000000000000000000000000
000000000000000000000000000000000000000000000000000000000000000
000000000000000000000000000000000000000000000000000000000000000
