01110100101000001010001100100111
0000000000000000000000000000000000000000000000000000000000000000
010
0000000000000000000000000000000001000000101000000000000000000000
0000000000000000000000000000000000000000000000000000000000000000
0000000000000000000000000000000000000000000000000000000000000000
01110100101000001010001100100111
0000000000000000000000000000000000000000000000000000000000000000
010
0000000000000000000000000000000001000000101000000000000000000000
0000000000000000000000000000000000000000000000000000000000000000
0000000000000000000000000000000000000000000000000000000000000000
